SECTION 1
-0.9 -0.9 0.0
-0.1 -0.9 0.0
-0.5 -0.1 0.0
----------------------------------

+0.9 -0.9 0.0
+0.1 -0.9 0.0
+0.5 -0.1 0.0
----------------------------------

SECTION 2
-0.9 +0.1 0.0
-0.1 +0.1 0.0
-0.5 +0.9 0.0
----------------------------------

SECTION 3
+0.1 +0.1 0.0
+0.9 +0.1 0.0
+0.5 +0.9 0.0
----------------------------------

SECTION 4
-0.5 -0.5 0.0   1.0 0.0 0.0
+0.5 -0.5 0.0   1.0 1.0 0.0
+0.0 +0.5 0.0   0.0 0.0 1.0
----------------------------------

DEFAULT_TRIANGLE
-0.5 -0.5 0.0
+0.5 -0.5 0.0
+0.0 +0.5 0.0
----------------------------------

DEFAULT TRIANGLE
-0.5 -0.5 0.0
+0.5 -0.5 0.0
+0.0 +0.5 0.0
----------------------------------

SECTION 5
+0.5 +0.5 +0.0  +1.0 +1.0
+0.5 -0.5 +0.0  +1.0 +0.0
-0.5 -0.5 +0.0  +0.0 +0.0
-0.5 +0.5 +0.0  +0.0 +1.0

SECTION 5 INDICES
0 1 3
1 2 3

----------------------------------

